#r(1)	npart(2)	M_in_r(3)	ovdens(4)	dens(5)	vcirc(6)	vesc(7)	sigv(8)	Lx(9)	Ly(10)	Lz(11)	b(12)	c(13)	Eax(14)	Eay(15)	Eaz(16)	Ebx(17)	Eby(18)	Ebz(19)	Ecx(20)	Ecy(21)	Ecz(22)	Ekin(23)	Epot(24)	M_gas(25)	M_star(26)	U_gas(27)	
 -1.9496	         7	5.688317e+09	   660233.21	   660233.21	  112.02	1126.726146	  354.10	  -8.824e+07	  -1.169e+08	  -3.584e+08	  0.000000	  0.000000	  0.000000	  0.000000	  0.000000	  0.000000	  0.000000	  0.000000	  0.000000	  0.000000	  0.000000	3.566225e+14	-1.814504e+15	0.000000e+00	0.000000e+00	0.000000e+00
 -2.5040	         9	7.313551e+09	   400688.85	   168648.22	  112.08	1124.967529	  371.55	   1.368e+07	  -2.862e+08	   1.917e+08	  0.000000	  0.000000	  0.000000	  0.000000	  0.000000	  0.000000	  0.000000	  0.000000	  0.000000	  0.000000	  0.000000	5.048120e+14	-2.329496e+15	0.000000e+00	0.000000e+00	0.000000e+00
 -3.2159	        12	9.751401e+09	   252180.45	   119409.38	  114.20	1123.107785	  429.29	  -5.692e+08	  -1.837e+09	   1.505e+09	  0.657400	  0.512738	 -0.002376	  0.698034	  0.716061	  0.040683	  0.715538	 -0.697388	  0.999169	 -0.027474	  0.030098	8.985267e+14	-3.099466e+15	0.000000e+00	0.000000e+00	0.000000e+00
 -4.1303	        21	1.706495e+10	   208312.28	   169092.80	  133.30	1119.632249	  439.49	   4.065e+07	  -5.123e+08	   1.016e+09	  0.858772	  0.752280	 -0.148067	  0.532154	  0.833600	  0.945935	  0.322164	 -0.037643	 -0.288588	  0.782958	 -0.551085	1.648027e+15	-5.398684e+15	0.000000e+00	0.000000e+00	0.000000e+00
 -5.3047	        29	2.356589e+10	   135787.25	    70947.65	  138.22	1115.093613	  413.56	   -4.45e+08	    -3.1e+09	   1.511e+09	  0.975404	  0.832758	 -0.057532	  0.688055	  0.723375	  0.806029	  0.459548	 -0.373004	  0.589073	 -0.561602	  0.581031	2.015280e+15	-7.426759e+15	0.000000e+00	0.000000e+00	0.000000e+00
 -6.8130	        44	3.575514e+10	    97247.65	    62792.06	  150.23	1110.982445	  419.93	  -7.258e+09	  -8.179e+09	  -4.595e+09	  0.838653	  0.593031	 -0.083712	  0.722134	  0.686670	  0.774405	  0.480813	 -0.411238	  0.627128	 -0.497335	  0.599473	3.152597e+15	-1.120391e+16	0.000000e+00	0.000000e+00	0.000000e+00
 -8.7502	        77	6.257149e+10	    80330.89	    65206.79	  175.37	1105.017273	  409.61	  -6.233e+09	  -6.869e+09	  -8.223e+09	  0.896668	  0.682684	  0.742603	  0.472128	  0.475012	 -0.668136	  0.571191	  0.476797	 -0.046214	 -0.671443	  0.739614	5.249157e+15	-1.943351e+16	0.000000e+00	0.000000e+00	0.000000e+00
-11.2382	       133	1.080780e+11	    65495.12	    52231.48	  203.37	1096.063811	  406.15	  -1.342e+10	  -8.044e+09	   3.814e+09	  0.975971	  0.884208	 -0.264083	  0.445229	  0.855588	  0.938725	  0.322352	  0.121999	 -0.221483	  0.835380	 -0.503076	8.914232e+15	-3.323463e+16	0.000000e+00	0.000000e+00	0.000000e+00
-14.4336	       236	1.917776e+11	    54857.33	    45346.83	  239.04	1085.172839	  397.20	  -2.054e+10	  -1.495e+10	   5.475e+09	  0.860729	  0.782277	  0.663579	 -0.327841	 -0.672446	  0.747964	  0.273183	  0.604914	  0.014615	  0.904373	 -0.426492	1.512803e+16	-5.811829e+16	0.000000e+00	0.000000e+00	0.000000e+00
-18.5376	       396	3.217962e+11	    43449.35	    33250.26	  273.23	1070.177738	  422.28	   -1.79e+10	  -1.907e+10	  -5.962e+10	  0.872109	  0.840416	  0.888952	 -0.207262	 -0.408420	  0.353862	  0.876951	  0.325173	  0.290768	 -0.433588	  0.852910	2.869116e+16	-9.583038e+16	0.000000e+00	0.000000e+00	0.000000e+00
 23.8085	       656	5.330766e+11	    33974.84	    25504.33	  310.31	1049.905642	  441.16	  -2.021e+10	  -4.865e+10	  -7.508e+10	  0.870558	  0.831637	  0.852122	 -0.283261	 -0.440058	  0.289136	  0.955690	 -0.055288	  0.436220	 -0.080124	  0.896266	5.187341e+16	-1.551818e+17	0.000000e+00	0.000000e+00	0.000000e+00
 30.5781	      1005	8.166798e+11	    24568.86	    16159.63	  338.91	1024.170438	  457.12	   6.473e+10	    1.34e+11	  -5.815e+10	  0.856714	  0.786437	  0.818590	 -0.362853	 -0.445251	  0.450071	  0.886829	  0.104738	  0.356857	 -0.286132	  0.889259	8.532573e+16	-2.314574e+17	0.000000e+00	0.000000e+00	0.000000e+00
 39.2725	      1501	1.219738e+12	    17320.68	    10840.59	  365.47	993.379907	  469.83	   6.293e+09	  -9.904e+10	  -1.389e+11	  0.829327	  0.751577	  0.812965	 -0.360686	 -0.457158	  0.454434	  0.883866	  0.110774	  0.364112	 -0.297803	  0.882460	1.346198e+17	-3.340025e+17	0.000000e+00	0.000000e+00	0.000000e+00
 50.4390	      2093	1.700807e+12	    11400.37	     6107.43	  380.81	957.502860	  476.54	   1.668e+11	   1.787e+09	   1.025e+11	  0.816323	  0.714453	  0.836093	 -0.289809	 -0.465789	  0.381998	  0.916959	  0.115165	  0.393734	 -0.274219	  0.877370	1.931182e+17	-4.483806e+17	0.000000e+00	0.000000e+00	0.000000e+00
 64.7806	      2844	2.311082e+12	     7312.15	     3657.14	  391.70	917.675933	  482.70	   3.367e+11	  -1.179e+11	   5.708e+11	  0.822301	  0.703663	  0.826347	 -0.315576	 -0.466435	  0.415079	  0.901054	  0.125738	  0.380603	 -0.297511	  0.875573	2.692417e+17	-5.823699e+17	0.000000e+00	0.000000e+00	0.000000e+00
 83.1999	      3877	3.150515e+12	     4705.18	     2374.48	  403.55	872.966372	  484.26	   -3.13e+11	  -6.938e+11	   7.986e+11	  0.801054	  0.664754	  0.819098	 -0.332824	 -0.467234	  0.422841	  0.900706	  0.099675	  0.387666	 -0.279209	  0.878497	3.694126e+17	-7.510308e+17	0.000000e+00	0.000000e+00	0.000000e+00
106.8566	      5113	4.154909e+12	     2929.02	     1341.07	  408.93	824.205760	  483.22	  -3.496e+11	  -2.245e+12	   2.219e+12	  0.800091	  0.659336	  0.811400	 -0.319681	 -0.489320	  0.417609	  0.902808	  0.102667	  0.408941	 -0.287648	  0.866040	4.850887e+17	-9.316983e+17	0.000000e+00	0.000000e+00	0.000000e+00
137.2396	      6629	5.386837e+12	     1792.50	      776.42	  410.86	771.643390	  478.20	  -1.507e+12	  -3.947e+12	   3.854e+12	  0.795224	  0.659403	  0.841489	 -0.261714	 -0.472654	  0.331304	  0.941014	  0.068786	  0.426772	 -0.214475	  0.878559	6.159118e+17	-1.127237e+18	0.000000e+00	0.000000e+00	0.000000e+00
176.2616	      8395	6.821918e+12	     1071.51	      426.93	  407.98	715.042715	  467.51	  -3.392e+12	  -8.118e+12	   6.247e+12	  0.791393	  0.664341	  0.848452	 -0.223716	 -0.479667	  0.310784	  0.944167	  0.109367	  0.428419	 -0.241866	  0.870608	7.455045e+17	-1.325354e+18	0.000000e+00	0.000000e+00	0.000000e+00
226.3788	     10398	8.449589e+12	      626.46	      228.57	  400.65	655.077973	  455.99	  -3.981e+12	  -1.186e+13	   9.353e+12	  0.801437	  0.691068	  0.842095	 -0.238232	 -0.483861	  0.352818	  0.921887	  0.160135	  0.407916	 -0.305564	  0.860369	8.784523e+17	-1.516819e+18	0.000000e+00	0.000000e+00	0.000000e+00
290.7462	     12584	1.022597e+13	      357.87	      117.75	  388.92	592.496679	  442.89	  -4.286e+12	  -1.502e+13	   1.116e+13	  0.799633	  0.708019	  0.832393	 -0.297954	 -0.467273	  0.402287	  0.904794	  0.139691	  0.381165	 -0.304255	  0.873008	1.002941e+18	-1.689584e+18	0.000000e+00	0.000000e+00	0.000000e+00
373.4289	     14865	1.207955e+13	      199.52	       57.98	  372.98	527.486345	  428.02	   -1.01e+13	  -1.971e+13	   6.368e+12	  0.805095	  0.712183	  0.844229	 -0.332818	 -0.420131	  0.412535	  0.903918	  0.112902	  0.342188	 -0.268634	  0.900413	1.106488e+18	-1.835237e+18	0.000000e+00	0.000000e+00	0.000000e+00
 -3.1604	         8	6.500934e+09	   177141.14	   177141.14	   94.06	818.199713	  158.58	  -3.416e+08	  -1.918e+08	   3.577e+08	  0.000000	  0.000000	  0.000000	  0.000000	  0.000000	  0.000000	  0.000000	  0.000000	  0.000000	  0.000000	  0.000000	8.174197e+13	-1.092077e+15	0.000000e+00	0.000000e+00	0.000000e+00
 -4.0481	        15	1.218925e+10	   158051.26	   140719.96	  113.80	815.186008	  222.71	  -7.835e+08	  -3.137e+08	   2.868e+08	  0.887703	  0.786485	  0.919669	  0.388837	  0.054913	 -0.352395	  0.755473	  0.552339	  0.173284	 -0.527320	  0.831809	3.022983e+14	-2.039762e+15	0.000000e+00	0.000000e+00	0.000000e+00
 -5.1851	        20	1.625234e+10	   100279.92	    47830.50	  116.10	811.691788	  231.42	    -1.4e+09	   1.341e+09	   3.667e+08	  0.830763	  0.667019	  0.787919	  0.350729	  0.506135	 -0.303207	 -0.494421	  0.814625	 -0.535956	  0.795322	  0.283221	4.351804e+14	-2.711591e+15	0.000000e+00	0.000000e+00	0.000000e+00
 -6.6414	        41	3.331729e+10	    97823.93	    95594.19	  146.88	806.186293	  284.91	   -6.39e+09	  -8.265e+08	  -1.767e+09	  0.939139	  0.861057	  0.157361	  0.264614	  0.951429	  0.738005	  0.608660	 -0.291344	 -0.656191	  0.748005	 -0.099507	1.352219e+15	-5.501685e+15	0.000000e+00	0.000000e+00	0.000000e+00
 -8.5069	        72	5.850841e+10	    81746.85	    67150.79	  171.99	798.603818	  306.06	  -6.974e+09	  -3.056e+09	   4.686e+09	  0.864757	  0.816251	  0.956158	  0.213860	 -0.200065	  0.092663	  0.427123	  0.899433	 -0.277805	  0.878538	 -0.388581	2.740342e+15	-9.555773e+15	0.000000e+00	0.000000e+00	0.000000e+00
-10.8963	       117	9.507616e+10	    63212.31	    46385.18	  193.72	788.415967	  305.63	  -4.863e+09	   5.328e+09	   8.175e+09	  0.977373	  0.885621	  0.099929	 -0.169416	  0.980465	  0.954612	  0.294207	 -0.046457	 -0.280589	  0.940606	  0.191126	4.440496e+15	-1.531066e+16	0.000000e+00	0.000000e+00	0.000000e+00
-13.9568	       183	1.487089e+11	    47048.32	    32373.37	  214.06	775.395173	  312.34	  -3.223e+09	  -1.013e+09	   3.234e+10	  0.931369	  0.863537	  0.873216	 -0.455321	 -0.173713	  0.456467	  0.639342	  0.618773	 -0.170679	 -0.619617	  0.766123	7.253570e+15	-2.350901e+16	0.000000e+00	0.000000e+00	0.000000e+00
-17.8769	       270	2.194065e+11	    33031.94	    20306.75	  229.74	759.592018	  324.68	  -2.434e+10	   -1.22e+10	   6.456e+10	  0.895690	  0.805599	  0.904609	 -0.423363	 -0.049455	  0.287939	  0.521413	  0.803256	  0.314282	  0.740873	 -0.593577	1.156425e+16	-3.390201e+16	0.000000e+00	0.000000e+00	0.000000e+00
 22.8982	       395	3.209836e+11	    22995.60	    13883.81	  245.53	741.413788	  328.62	   1.353e+10	   7.269e+10	    4.84e+10	  0.842697	  0.820421	  0.954465	 -0.297837	 -0.016998	  0.140902	  0.399853	  0.905684	  0.262949	  0.866839	 -0.423612	1.733159e+16	-4.818029e+16	0.000000e+00	0.000000e+00	0.000000e+00
 29.3297	       592	4.810691e+11	    16400.10	    10412.19	  265.59	718.993615	  332.47	    3.46e+10	  -5.591e+07	   1.668e+10	  0.795178	  0.748987	  0.900778	 -0.425421	 -0.087267	  0.318662	  0.510961	  0.798357	  0.295048	  0.746951	 -0.595828	2.658855e+16	-6.953939e+16	0.000000e+00	0.000000e+00	0.000000e+00
 37.5678	       830	6.744719e+11	    10941.58	     5985.91	  277.87	692.784642	  335.60	   6.158e+10	    1.36e+11	  -4.017e+10	  0.781552	  0.702851	  0.948660	 -0.313809	  0.039598	  0.099342	  0.414465	  0.904627	  0.300292	  0.854250	 -0.424360	3.798110e+16	-9.362748e+16	0.000000e+00	0.000000e+00	0.000000e+00
 48.1198	      1128	9.166317e+11	     7076.01	     3566.54	  286.22	663.979540	  337.48	   1.982e+11	   3.136e+11	   4.723e+10	  0.791558	  0.690599	  0.943093	 -0.331898	  0.020466	  0.089013	  0.311274	  0.946142	  0.320393	  0.890479	 -0.323103	5.219950e+16	-1.214578e+17	0.000000e+00	0.000000e+00	0.000000e+00
 61.6355	      1503	1.221363e+12	     4486.58	     2135.69	  291.93	632.105972	  335.21	   5.537e+11	   5.263e+11	   5.558e+10	  0.827290	  0.699930	  0.961458	 -0.274953	 -0.000360	  0.042444	  0.147124	  0.988207	  0.271657	  0.950134	 -0.153123	6.862034e+16	-1.534544e+17	0.000000e+00	0.000000e+00	0.000000e+00
 78.9475	      1969	1.600042e+12	     2796.92	     1262.91	  295.23	597.252745	  333.50	   1.297e+12	   7.238e+11	   1.546e+11	  0.845391	  0.685611	  0.948283	 -0.317427	  0.000769	  0.089015	  0.268249	  0.959228	  0.304691	  0.909551	 -0.282632	8.898006e+16	-1.892370e+17	0.000000e+00	0.000000e+00	0.000000e+00
101.1221	      2526	2.052670e+12	     1707.44	      718.32	  295.46	559.971443	  331.47	   1.513e+12	   7.287e+11	   3.137e+11	  0.841668	  0.730828	  0.918008	 -0.391669	 -0.062099	  0.197598	  0.316012	  0.927950	  0.343825	  0.864137	 -0.367494	1.127669e+17	-2.270310e+17	0.000000e+00	0.000000e+00	0.000000e+00
129.5250	      3206	2.605249e+12	     1031.22	      417.30	  294.11	520.126776	  327.63	    2.38e+12	   6.025e+11	   1.352e+12	  0.881917	  0.755315	  0.902813	 -0.429978	  0.006901	  0.103023	  0.231840	  0.967283	  0.417510	  0.872565	 -0.253605	1.398233e+17	-2.672330e+17	0.000000e+00	0.000000e+00	0.000000e+00
165.9057	      4012	3.260218e+12	      614.08	      235.37	  290.71	477.631030	  319.85	   4.091e+12	   3.145e+11	    2.35e+12	  0.892677	  0.763255	  0.910695	 -0.402084	  0.094674	  0.026598	  0.285792	  0.957922	  0.412223	  0.869857	 -0.270964	1.667705e+17	-3.079970e+17	0.000000e+00	0.000000e+00	0.000000e+00
212.5049	      5019	4.078524e+12	      365.56	      139.93	  287.30	432.242369	  314.23	   2.423e+12	  -7.317e+12	   3.454e+12	  0.853185	  0.729680	  0.890402	 -0.449862	 -0.069348	  0.186829	  0.222273	  0.956917	  0.415066	  0.864997	 -0.281960	2.013629e+17	-3.502384e+17	0.000000e+00	0.000000e+00	0.000000e+00
272.2063	      5765	4.684736e+12	      199.78	       49.32	  272.06	384.756771	  307.80	    3.27e+12	  -1.082e+13	    4.47e+12	  0.889587	  0.735606	  0.879071	 -0.464266	 -0.108127	  0.247618	  0.250909	  0.935805	  0.407332	  0.849413	 -0.335527	2.219201e+17	-3.755956e+17	0.000000e+00	0.000000e+00	0.000000e+00
 -5.3067	        13	1.056402e+10	    60802.45	    60802.45	   92.53	635.639547	  218.36	   -1.19e+09	  -1.179e+09	   5.118e+08	  0.912969	  0.734698	 -0.288814	  0.720991	  0.629887	  0.686251	  0.614663	 -0.388907	  0.667568	 -0.319939	  0.672304	2.518514e+14	-1.071704e+15	0.000000e+00	0.000000e+00	0.000000e+00
 -6.5789	        21	1.706495e+10	    51548.38	    41327.19	  105.62	632.283959	  204.20	  -1.731e+09	  -3.521e+08	   1.042e+09	  0.896032	  0.837347	  0.844354	 -0.504259	  0.181078	  0.179260	  0.584365	  0.791444	  0.504908	  0.635799	 -0.583805	3.557772e+14	-1.725267e+15	0.000000e+00	0.000000e+00	0.000000e+00
 -8.1560	        32	2.600374e+10	    41225.28	    29823.36	  117.10	628.278161	  220.31	  -4.416e+09	   5.235e+08	    9.99e+08	  0.927513	  0.714741	 -0.490028	  0.296778	  0.819631	  0.646585	 -0.506867	  0.570100	  0.584637	  0.809326	  0.056487	6.310801e+14	-2.611778e+15	0.000000e+00	0.000000e+00	0.000000e+00
-10.1113	        54	4.388131e+10	    36511.14	    31304.34	  136.62	622.376473	  240.78	  -7.905e+09	  -1.055e+09	   1.503e+09	  0.917033	  0.821383	 -0.194364	  0.945043	 -0.262901	  0.943507	  0.106788	 -0.313672	  0.268359	  0.309016	  0.912410	1.271958e+15	-4.358960e+15	0.000000e+00	0.000000e+00	0.000000e+00
-12.5353	        74	6.013364e+10	    26259.19	    14935.84	  143.63	616.017714	  239.52	  -1.599e+10	   9.437e+08	   6.789e+09	  0.948123	  0.846886	  0.489139	  0.795480	 -0.357708	  0.867205	 -0.399698	  0.296980	 -0.093267	  0.455470	  0.885352	1.724918e+15	-5.916429e+15	0.000000e+00	0.000000e+00	0.000000e+00
-15.5403	       104	8.451214e+10	    19368.72	    11758.15	  152.93	608.165829	  237.23	  -3.206e+10	  -7.717e+09	   3.008e+09	  0.944538	  0.863081	  0.828682	 -0.531790	 -0.174604	  0.350006	  0.735768	 -0.579777	  0.436787	  0.419338	  0.795847	2.378185e+15	-8.200666e+15	0.000000e+00	0.000000e+00	0.000000e+00
-19.2658	       149	1.210799e+11	    14563.70	     9256.53	  164.40	599.508551	  236.51	  -2.729e+10	   8.353e+09	   1.331e+10	  0.952079	  0.827373	 -0.693958	  0.718032	  0.053416	 -0.479719	 -0.516406	  0.709362	  0.536929	  0.466643	  0.702817	3.386467e+15	-1.153078e+16	0.000000e+00	0.000000e+00	0.000000e+00
 23.8845	       210	1.706495e+11	    10772.65	     6585.42	  175.29	589.025151	  240.62	  -1.296e+10	   5.857e+09	   -1.07e+09	  0.983965	  0.790852	  0.815386	 -0.081401	 -0.573167	 -0.098124	  0.956307	 -0.275406	  0.570542	  0.280804	  0.771772	4.940303e+15	-1.590921e+16	0.000000e+00	0.000000e+00	0.000000e+00
 29.6103	       294	2.389093e+11	     7915.32	     4759.38	  186.28	576.848689	  243.95	   -2.62e+10	  -1.226e+10	   7.331e+09	  0.929919	  0.791309	 -0.096308	  0.958344	 -0.268891	 -0.712846	  0.122132	  0.690604	  0.694676	  0.258188	  0.671390	7.108830e+15	-2.170103e+16	0.000000e+00	0.000000e+00	0.000000e+00
 36.7088	       427	3.469874e+11	     6033.47	     3954.95	  201.62	562.732725	  237.96	  -7.246e+10	  -1.657e+10	   -6.62e+10	  0.987716	  0.797137	  0.073650	  0.892632	 -0.444729	 -0.670858	  0.374308	  0.640190	  0.737919	  0.251200	  0.626397	9.823720e+15	-3.046763e+16	0.000000e+00	0.000000e+00	0.000000e+00
 45.5090	       571	4.640042e+11	     4234.41	     2247.35	  209.40	546.470004	  245.63	  -1.146e+11	  -8.903e+09	  -1.097e+11	  0.872834	  0.742848	 -0.089619	  0.912604	 -0.398902	 -0.756634	  0.198065	  0.623118	  0.647668	  0.357666	  0.672757	1.399790e+16	-3.945903e+16	0.000000e+00	0.000000e+00	0.000000e+00
 56.4189	       736	5.980859e+11	     2864.53	     1351.48	  213.52	528.723163	  251.88	  -5.014e+10	  -1.605e+11	  -3.159e+11	  0.818085	  0.708157	 -0.151693	  0.937832	 -0.312186	 -0.733652	  0.104826	  0.671391	  0.662377	  0.330881	  0.672141	1.897222e+16	-4.913383e+16	0.000000e+00	0.000000e+00	0.000000e+00
 69.9443	       922	7.492327e+11	     1883.32	      799.57	  214.63	509.570176	  252.17	  -8.546e+10	  -1.923e+11	  -5.273e+11	  0.791015	  0.710823	 -0.241038	  0.942539	 -0.231347	 -0.737543	 -0.022956	  0.674910	  0.630818	  0.333307	  0.700696	2.382195e+16	-5.933493e+16	0.000000e+00	0.000000e+00	0.000000e+00
 86.7121	      1154	9.377597e+11	     1237.13	      523.42	  215.66	489.676283	  259.61	   1.908e+10	  -3.656e+11	  -1.018e+12	  0.789141	  0.744906	 -0.257267	  0.916505	 -0.306319	 -0.837255	 -0.053127	  0.544226	  0.482513	  0.396479	  0.781016	3.160212e+16	-7.110840e+16	0.000000e+00	0.000000e+00	0.000000e+00
107.4996	      1447	1.175856e+12	      814.14	      346.93	  216.89	468.844964	  266.48	   1.463e+11	  -1.063e+12	   -2.35e+12	  0.794320	  0.723697	 -0.172966	  0.940399	 -0.292802	  0.931439	  0.059542	 -0.358993	  0.320162	  0.334821	  0.886223	4.175107e+16	-8.472957e+16	0.000000e+00	0.000000e+00	0.000000e+00
133.2706	      1816	1.475712e+12	      536.24	      229.31	  218.22	446.692012	  273.93	   7.869e+11	  -2.536e+12	  -4.547e+12	  0.756622	  0.688323	 -0.166960	  0.928470	 -0.331766	  0.934678	  0.041936	 -0.353014	  0.313850	  0.369033	  0.874821	5.536899e+16	-1.004072e+17	0.000000e+00	0.000000e+00	0.000000e+00
165.2196	      2329	1.892584e+12	      360.94	      167.31	  221.95	423.001929	  285.74	    3.41e+12	  -6.072e+12	  -8.089e+12	  0.761033	  0.665840	 -0.101340	  0.897085	 -0.430080	  0.945042	 -0.048271	 -0.323366	  0.310847	  0.439213	  0.842892	7.726216e+16	-1.200176e+17	0.000000e+00	0.000000e+00	0.000000e+00
204.8278	      3251	2.641817e+12	      264.42	      157.82	  235.52	395.871603	  298.07	   5.194e+12	  -1.864e+13	   -1.93e+13	  0.740505	  0.594297	 -0.119822	  0.847821	 -0.516569	 -0.857178	  0.174166	  0.484678	  0.500889	  0.500866	  0.705864	1.173560e+17	-1.512165e+17	0.000000e+00	0.000000e+00	0.000000e+00
253.9449	      4685	3.807110e+12	      199.96	      128.78	  253.92	361.359129	  299.29	   7.605e+12	  -2.889e+13	  -3.809e+13	  0.619392	  0.523761	 -0.139266	  0.829118	 -0.541450	 -0.886257	  0.139565	  0.441668	  0.441762	  0.541373	  0.715375	1.705080e+17	-1.932733e+17	0.000000e+00	0.000000e+00	0.000000e+00
 -3.1562	         5	4.063084e+09	   111149.74	   111149.74	   74.41	618.512287	  147.76	  -5.619e+08	  -2.645e+08	   2.315e+08	  0.000000	  0.000000	  0.000000	  0.000000	  0.000000	  0.000000	  0.000000	  0.000000	  0.000000	  0.000000	  0.000000	4.435457e+13	-3.930739e+14	0.000000e+00	0.000000e+00	0.000000e+00
 -4.1072	         8	6.500934e+09	    80703.35	    55407.69	   82.50	616.451367	  141.07	   -2.14e+08	  -1.315e+08	   3.472e+08	  0.000000	  0.000000	  0.000000	  0.000000	  0.000000	  0.000000	  0.000000	  0.000000	  0.000000	  0.000000	  0.000000	6.469117e+13	-6.251967e+14	0.000000e+00	0.000000e+00	0.000000e+00
 -5.3448	        11	8.938784e+09	    50356.72	    25143.93	   84.81	613.368574	  222.16	    1.31e+09	   1.183e+08	   7.408e+08	  0.857769	  0.744066	  0.181382	  0.969577	 -0.164381	  0.124874	  0.143093	  0.981800	  0.975452	 -0.198608	 -0.095120	2.205781e+14	-8.549563e+14	0.000000e+00	0.000000e+00	0.000000e+00
 -6.9552	        26	2.112804e+10	    54013.36	    57051.40	  114.30	609.048886	  239.15	  -3.407e+08	  -7.101e+08	  -4.761e+08	  0.863464	  0.756477	  0.044004	  0.718555	  0.694077	  0.536128	  0.569249	 -0.623315	  0.842989	 -0.399543	  0.360188	6.041840e+14	-1.995835e+15	0.000000e+00	0.000000e+00	0.000000e+00
 -9.0508	        61	4.956962e+10	    57507.01	    60409.63	  153.47	601.601248	  250.11	    1.63e+09	   7.855e+09	   3.928e+09	  0.855812	  0.783074	 -0.474291	  0.813525	  0.336489	 -0.001262	 -0.382842	  0.923813	  0.880367	  0.437732	  0.182605	1.550367e+15	-4.599582e+15	0.000000e+00	0.000000e+00	0.000000e+00
-11.7778	       104	8.451214e+10	    44492.57	    33679.82	  175.67	589.684422	  236.45	  -3.122e+09	   7.823e+09	   1.887e+09	  0.840744	  0.706941	  0.099392	  0.204565	  0.973794	 -0.381772	  0.911584	 -0.152530	  0.918897	  0.356607	 -0.168702	2.362422e+15	-7.690973e+15	0.000000e+00	0.000000e+00	0.000000e+00
-15.3265	       165	1.340818e+11	    32033.26	    21681.75	  193.97	574.276485	  236.31	  -2.561e+10	   1.939e+10	   8.543e+09	  0.838907	  0.707992	  0.182780	 -0.150845	  0.971513	 -0.219785	  0.956882	  0.189924	  0.958272	  0.248238	 -0.141746	3.743718e+15	-1.189045e+16	0.000000e+00	0.000000e+00	0.000000e+00
-19.9445	       230	1.869019e+11	    20263.21	    10484.34	  200.75	556.259414	  245.56	  -9.563e+09	   6.322e+10	   5.574e+09	  0.804433	  0.735611	 -0.096190	  0.119288	  0.988189	  0.462964	  0.884229	 -0.061673	  0.881142	 -0.451564	  0.140280	5.635065e+15	-1.609366e+16	0.000000e+00	0.000000e+00	0.000000e+00
 25.9539	       316	2.567869e+11	    12633.70	     6294.90	  206.28	536.369943	  247.82	  -1.344e+10	   1.175e+11	  -2.626e+09	  0.759682	  0.711112	 -0.070432	 -0.130858	  0.988896	  0.673070	  0.725438	  0.143934	  0.736218	 -0.675734	 -0.036983	7.885036e+15	-2.130921e+16	0.000000e+00	0.000000e+00	0.000000e+00
 33.7739	       453	3.681154e+11	     8218.73	     4550.66	  216.51	513.802652	  253.63	   2.255e+09	   2.558e+11	  -4.166e+10	  0.755795	  0.731213	 -0.101051	 -0.118469	  0.987803	  0.931803	  0.336644	  0.135696	 -0.348614	  0.934150	  0.076372	1.183970e+16	-2.899628e+16	0.000000e+00	0.000000e+00	0.000000e+00
 43.9501	       607	4.932584e+11	     4997.57	     2321.33	  219.70	488.992942	  250.40	   3.926e+10	    3.62e+11	  -1.018e+11	  0.728678	  0.697818	  0.029517	 -0.022088	  0.999320	  0.712060	  0.702097	 -0.005514	 -0.701498	  0.711738	  0.036452	1.546384e+16	-3.683123e+16	0.000000e+00	0.000000e+00	0.000000e+00
 57.1925	       786	6.387168e+11	     2936.67	     1224.43	  219.16	462.448744	  249.70	   5.865e+09	   5.802e+11	  -1.321e+11	  0.732753	  0.694944	 -0.009829	 -0.146068	  0.989226	  0.816050	  0.570555	  0.092356	 -0.577898	  0.808165	  0.113591	1.991193e+16	-4.502906e+16	0.000000e+00	0.000000e+00	0.000000e+00
 74.4248	       992	8.061158e+11	     1681.93	      639.46	  215.83	434.651748	  249.21	  -1.001e+10	   8.238e+11	  -3.709e+11	  0.749947	  0.689022	  0.025667	 -0.138995	  0.989960	  0.683969	  0.724658	  0.084012	  0.729060	 -0.674946	 -0.113668	2.503225e+16	-5.342647e+16	0.000000e+00	0.000000e+00	0.000000e+00
 96.8494	      1254	1.019021e+12	      964.84	      369.07	  212.72	405.929507	  246.95	   3.036e+11	   1.524e+12	  -7.312e+11	  0.822557	  0.723818	  0.079951	 -0.070916	  0.994273	 -0.228872	  0.969511	  0.087554	  0.970168	  0.234561	 -0.061282	3.107310e+16	-6.278346e+16	0.000000e+00	0.000000e+00	0.000000e+00
126.0305	      1743	1.416391e+12	      608.58	      312.59	  219.85	374.711353	  244.82	   1.972e+12	   3.532e+12	   -2.26e+12	  0.882733	  0.674718	 -0.508252	  0.833984	 -0.214828	 -0.147982	  0.161167	  0.975770	  0.848399	  0.527728	  0.041502	4.244711e+16	-7.784441e+16	0.000000e+00	0.000000e+00	0.000000e+00
164.0041	      2191	1.780443e+12	      347.16	      129.96	  216.07	339.535460	  243.68	   3.094e+12	   5.775e+12	  -3.001e+12	  0.950981	  0.694797	 -0.496974	  0.849686	 -0.176211	 -0.167550	  0.105284	  0.980226	  0.851436	  0.516671	  0.090042	5.286008e+16	-8.948557e+16	0.000000e+00	0.000000e+00	0.000000e+00
213.4329	      2778	2.257449e+12	      199.71	       77.25	  213.28	301.629712	  244.58	   2.148e+12	   9.171e+12	  -2.673e+12	  0.907770	  0.754023	 -0.007420	 -0.508404	  0.861087	 -0.528401	  0.733064	  0.428263	  0.848963	  0.451821	  0.274081	6.752184e+16	-1.017430e+17	0.000000e+00	0.000000e+00	0.000000e+00
 -5.7307	         7	5.688317e+09	    25996.53	    25996.53	   65.34	583.488708	  206.05	  -6.235e+08	  -1.787e+09	  -1.316e+09	  0.000000	  0.000000	  0.000000	  0.000000	  0.000000	  0.000000	  0.000000	  0.000000	  0.000000	  0.000000	  0.000000	1.207589e+14	-4.871607e+14	0.000000e+00	0.000000e+00	0.000000e+00
 -7.1718	        16	1.300187e+10	    30316.82	    34817.19	   88.30	581.226981	  198.73	  -5.407e+09	  -2.154e+09	  -3.069e+09	  0.713289	  0.519587	 -0.127122	  0.010613	  0.991830	 -0.278501	  0.959336	 -0.045960	  0.951986	  0.282068	  0.118997	2.567580e+14	-1.107082e+15	0.000000e+00	0.000000e+00	0.000000e+00
 -8.9752	        31	2.519112e+10	    29968.97	    29606.63	  109.87	577.403879	  222.14	  -1.005e+10	   -3.02e+09	  -9.869e+08	  0.784428	  0.697282	  0.297105	 -0.166332	  0.940246	  0.640723	 -0.695372	 -0.325473	  0.707957	  0.699137	 -0.100026	6.215643e+14	-2.130261e+15	0.000000e+00	0.000000e+00	0.000000e+00
-11.2322	        51	4.144345e+10	    25155.14	    20140.68	  125.97	571.150044	  218.40	  -1.839e+10	   5.432e+09	   6.469e+09	  0.905716	  0.795426	  0.480626	 -0.324863	  0.814533	  0.653436	  0.752127	 -0.085595	 -0.584825	  0.573384	  0.573768	9.884395e+14	-3.471801e+15	0.000000e+00	0.000000e+00	0.000000e+00
-14.0567	        87	7.069766e+10	    21893.86	    18496.65	  147.07	564.433596	  238.05	  -2.387e+10	   1.031e+10	   1.427e+09	  0.867381	  0.757097	  0.663414	  0.671801	 -0.329493	 -0.679503	  0.356524	 -0.641222	 -0.313301	  0.649287	  0.693014	2.003166e+15	-5.831516e+15	0.000000e+00	0.000000e+00	0.000000e+00
-17.5914	       146	1.186420e+11	    18745.73	    15466.39	  170.31	555.174444	  237.07	  -3.183e+10	   1.413e+10	  -2.782e+09	  0.764265	  0.716187	  0.596956	  0.627917	 -0.499364	  0.779321	 -0.601673	  0.175063	  0.190529	  0.493670	  0.848522	3.333909e+15	-9.586575e+15	0.000000e+00	0.000000e+00	0.000000e+00
 22.0150	       235	1.909649e+11	    15394.44	    11903.47	  193.15	541.241486	  247.52	  -4.223e+10	   2.522e+10	  -3.187e+09	  0.797224	  0.705708	  0.565325	  0.632383	 -0.529622	 -0.675146	  0.723619	  0.143361	  0.473904	  0.276527	  0.836031	5.849675e+15	-1.503023e+16	0.000000e+00	0.000000e+00	0.000000e+00
 27.5509	       346	2.811654e+11	    11564.28	     7574.48	  209.50	524.209850	  247.36	  -2.932e+10	   3.527e+10	   2.199e+10	  0.730957	  0.641879	  0.571791	  0.645295	 -0.506605	  0.636128	 -0.738679	 -0.222923	  0.518070	  0.194800	  0.832860	8.601544e+15	-2.144431e+16	0.000000e+00	0.000000e+00	0.000000e+00
 34.4789	       459	3.729911e+11	     7827.11	     3934.19	  215.69	504.487179	  245.72	  -2.293e+09	   1.229e+10	   5.123e+10	  0.724737	  0.654663	  0.533603	  0.658051	 -0.531259	 -0.524396	  0.750270	  0.402622	  0.663534	  0.063750	  0.745425	1.125999e+16	-2.751668e+16	0.000000e+00	0.000000e+00	0.000000e+00
 43.1491	       593	4.818817e+11	     5159.29	     2380.28	  219.16	483.023175	  250.61	   6.144e+09	   6.436e+10	   1.511e+11	  0.697202	  0.654036	  0.512453	  0.684717	 -0.518223	 -0.422902	  0.726464	  0.541668	  0.747359	 -0.058422	  0.661847	1.513186e+16	-3.413471e+16	0.000000e+00	0.000000e+00	0.000000e+00
 53.9994	       732	5.948355e+11	     3249.32	     1259.75	  217.66	460.355606	  252.14	   5.787e+10	   1.354e+11	   2.384e+11	  0.733351	  0.685533	  0.600361	  0.581061	 -0.549485	  0.595513	 -0.783424	 -0.177793	  0.533789	  0.220486	  0.816367	1.890892e+16	-4.039419e+16	0.000000e+00	0.000000e+00	0.000000e+00
 67.5783	       914	7.427317e+11	     2070.02	      841.56	  217.41	437.030113	  250.60	   5.198e+10	   6.734e+10	   5.086e+11	  0.733503	  0.663697	  0.523570	  0.639288	 -0.563192	  0.626431	 -0.736897	 -0.254103	  0.577460	  0.219760	  0.786286	2.332108e+16	-4.780803e+16	0.000000e+00	0.000000e+00	0.000000e+00
 84.5717	      1155	9.385724e+11	     1334.62	      568.56	  218.47	412.042914	  247.02	   1.749e+11	   1.575e+11	   8.749e+11	  0.734668	  0.661629	  0.552504	  0.635827	 -0.538947	  0.745853	 -0.665784	 -0.020849	  0.372078	  0.390456	  0.842082	2.863597e+16	-5.660805e+16	0.000000e+00	0.000000e+00	0.000000e+00
105.8383	      1470	1.194547e+12	      866.64	      379.16	  220.32	384.630491	  242.80	   5.048e+11	    1.53e+11	   1.221e+12	  0.748453	  0.688742	  0.547847	  0.620197	 -0.561444	  0.591045	 -0.761901	 -0.264901	  0.592056	  0.186714	  0.783969	3.520894e+16	-6.680261e+16	0.000000e+00	0.000000e+00	0.000000e+00
132.4527	      1807	1.468398e+12	      543.53	      206.96	  218.35	355.548687	  238.47	    7.79e+11	    1.28e+11	   2.203e+12	  0.816876	  0.710424	  0.546925	  0.675613	 -0.494389	 -0.537288	  0.736143	  0.411601	  0.642024	  0.040515	  0.765613	4.175403e+16	-7.613350e+16	0.000000e+00	0.000000e+00	0.000000e+00
165.7595	      2130	1.730874e+12	      326.88	      101.21	  211.91	325.091006	  234.51	   6.876e+11	   6.656e+11	   2.786e+12	  0.842535	  0.732249	  0.554689	  0.650570	 -0.518729	  0.608754	 -0.742302	 -0.280011	  0.567220	  0.160459	  0.807783	4.759335e+16	-8.375365e+16	0.000000e+00	0.000000e+00	0.000000e+00
207.4554	      2552	2.073798e+12	      199.78	       67.44	  207.34	293.235806	  228.51	   9.508e+11	     1.2e+12	   4.211e+12	  0.881206	  0.765642	  0.555972	  0.632580	 -0.539202	  0.543549	 -0.767468	 -0.339923	  0.628848	  0.104095	  0.770529	5.414282e+16	-9.193710e+16	0.000000e+00	0.000000e+00	0.000000e+00
 -3.7049	         9	7.313551e+09	   123695.07	   123695.07	   92.14	621.451869	  171.01	  -1.386e+09	  -1.147e+09	  -1.019e+09	  0.000000	  0.000000	  0.000000	  0.000000	  0.000000	  0.000000	  0.000000	  0.000000	  0.000000	  0.000000	  0.000000	1.069373e+14	-7.106112e+14	0.000000e+00	0.000000e+00	0.000000e+00
 -4.7632	        17	1.381448e+10	   109950.77	    97733.70	  111.68	616.883093	  217.06	  -1.075e+09	   9.957e+08	   3.847e+08	  0.636865	  0.430539	 -0.145426	 -0.385850	  0.911027	 -0.100957	  0.921797	  0.374296	  0.984205	  0.037542	  0.173008	3.254465e+14	-1.333009e+15	0.000000e+00	0.000000e+00	0.000000e+00
 -6.1238	        27	2.194065e+10	    82177.44	    57490.20	  124.13	611.740271	  209.55	  -2.862e+09	   9.052e+08	   3.306e+08	  0.773292	  0.603938	 -0.182456	  0.754626	 -0.630277	 -0.025729	  0.637154	  0.770307	  0.982877	  0.156764	 -0.096836	4.816982e+14	-2.099067e+15	0.000000e+00	0.000000e+00	0.000000e+00
 -7.8730	        47	3.819299e+10	    67317.22	    54108.23	  144.44	604.657036	  214.18	  -5.348e+09	   4.463e+09	    4.89e+09	  0.792126	  0.752400	  0.721565	 -0.387140	  0.573991	  0.626370	  0.718237	 -0.302981	 -0.294966	  0.578151	  0.760747	8.760336e+14	-3.599831e+15	0.000000e+00	0.000000e+00	0.000000e+00
-10.1219	        76	6.175887e+10	    51224.93	    36920.77	  161.99	594.949225	  226.02	  -8.873e+09	   5.955e+08	   1.266e+10	  0.791555	  0.701299	  0.818921	 -0.421684	  0.389295	 -0.506689	 -0.212695	  0.835480	  0.269507	  0.881444	  0.387843	1.577413e+15	-5.716019e+15	0.000000e+00	0.000000e+00	0.000000e+00
-13.0131	       112	9.101308e+10	    35524.28	    21568.24	  173.43	581.997893	  235.41	   8.198e+08	   7.529e+09	   6.455e+09	  0.846808	  0.790318	  0.858623	 -0.454681	 -0.236710	  0.512596	  0.758604	  0.402199	 -0.003303	 -0.466674	  0.884423	2.521798e+15	-8.252048e+15	0.000000e+00	0.000000e+00	0.000000e+00
-16.7302	       158	1.283934e+11	    23583.26	    12969.09	  181.67	568.865672	  251.24	  -4.586e+09	   2.099e+10	    6.52e+09	  0.793895	  0.786458	  0.739171	 -0.654482	 -0.158999	  0.567532	  0.478128	  0.670299	 -0.362677	 -0.585702	  0.724857	4.052338e+15	-1.135374e+16	0.000000e+00	0.000000e+00	0.000000e+00
-21.5090	       237	1.925902e+11	    16646.94	    10481.38	  196.23	552.272589	  254.04	   2.744e+10	    4.77e+10	   1.653e+10	  0.820027	  0.750141	  0.755346	 -0.577886	 -0.309030	  0.304003	  0.726751	 -0.615967	  0.580547	  0.371322	  0.724628	6.214449e+15	-1.641413e+16	0.000000e+00	0.000000e+00	0.000000e+00
 27.6529	       347	2.819780e+11	    11469.78	     6867.89	  209.41	533.313808	  257.29	   4.207e+10	   9.127e+10	   6.633e+10	  0.780031	  0.694846	  0.710985	 -0.555781	 -0.430821	  0.229026	 -0.396235	  0.889126	  0.664866	  0.730825	  0.154429	9.333504e+15	-2.299116e+16	0.000000e+00	0.000000e+00	0.000000e+00
 35.5518	       495	4.022453e+11	     7699.64	     4348.42	  220.59	510.975425	  259.85	    7.65e+10	   1.047e+11	  -6.731e+09	  0.807873	  0.684873	  0.672860	 -0.476921	 -0.565514	  0.467428	 -0.318421	  0.824693	  0.573385	  0.819240	 -0.008674	1.358069e+16	-3.118445e+16	0.000000e+00	0.000000e+00	0.000000e+00
 45.7069	       661	5.371397e+11	     4838.45	     2295.18	  224.81	485.947371	  257.09	    9.59e+10	   2.298e+11	  -1.176e+11	  0.833623	  0.689429	  0.625077	 -0.475510	 -0.619006	  0.509354	 -0.352430	  0.785080	  0.591470	  0.806029	 -0.021907	1.775063e+16	-3.953106e+16	0.000000e+00	0.000000e+00	0.000000e+00
 58.7627	       898	7.297299e+11	     3093.29	     1542.05	  231.10	458.387053	  258.46	   2.402e+11	   3.645e+11	  -2.494e+11	  0.818224	  0.707851	  0.575022	 -0.507117	 -0.642014	  0.627274	 -0.230516	  0.743901	  0.525239	  0.830479	 -0.185549	2.437333e+16	-5.025455e+16	0.000000e+00	0.000000e+00	0.000000e+00
 75.5478	      1161	9.434481e+11	     1881.98	      805.28	  231.75	428.202492	  255.11	    4.14e+11	   6.618e+11	  -2.577e+11	  0.843441	  0.693910	  0.563512	 -0.555248	 -0.611682	  0.669671	 -0.126538	  0.731798	  0.483730	  0.822003	 -0.300528	3.070139e+16	-6.073497e+16	0.000000e+00	0.000000e+00	0.000000e+00
 97.1275	      1441	1.170981e+12	     1099.23	      403.45	  227.70	395.798403	  249.72	   6.091e+11	   1.053e+12	   -1.47e+11	  0.875191	  0.705197	  0.598050	 -0.524597	 -0.605917	  0.637896	 -0.146130	  0.756132	  0.485207	  0.838716	 -0.247245	3.651026e+16	-7.042050e+16	0.000000e+00	0.000000e+00	0.000000e+00
124.8712	      1755	1.426142e+12	      630.00	      212.91	  221.62	362.477262	  244.97	   8.853e+11	   1.496e+12	    5.89e+10	  0.878951	  0.720621	  0.684249	 -0.514707	 -0.516604	  0.551258	 -0.098692	  0.828477	  0.477408	  0.851667	 -0.216206	4.279003e+16	-7.956361e+16	0.000000e+00	0.000000e+00	0.000000e+00
160.5398	      2131	1.731686e+12	      359.99	      119.98	  215.38	327.334645	  238.72	   7.572e+11	   1.572e+12	   8.797e+10	  0.904297	  0.751872	  0.769319	 -0.489034	 -0.411089	  0.449951	 -0.042046	  0.892063	  0.453534	  0.871251	 -0.187694	4.934098e+16	-8.872935e+16	0.000000e+00	0.000000e+00	0.000000e+00
206.4103	      2506	2.036418e+12	      199.18	       56.29	  205.98	291.315778	  232.31	   5.877e+11	   1.923e+12	   1.714e+11	  0.939218	  0.785578	  0.880693	 -0.444411	 -0.163947	  0.154087	 -0.058509	  0.986323	  0.447925	  0.893910	 -0.016949	5.495096e+16	-9.600548e+16	0.000000e+00	0.000000e+00	0.000000e+00
 -3.8488	         6	4.875701e+09	    73559.18	    73559.18	   73.81	578.161577	  229.19	   2.374e+08	  -2.957e+08	   5.422e+08	  0.000000	  0.000000	  0.000000	  0.000000	  0.000000	  0.000000	  0.000000	  0.000000	  0.000000	  0.000000	  0.000000	1.280538e+14	-4.109227e+14	0.000000e+00	0.000000e+00	0.000000e+00
 -4.9233	        12	9.751401e+09	    70285.65	    67291.06	   92.29	575.063078	  189.34	   1.378e+09	  -3.001e+08	   1.282e+09	  0.825260	  0.667672	 -0.319212	  0.420189	  0.849438	 -0.110179	  0.873798	 -0.473644	  0.941257	  0.244783	  0.232630	1.748004e+14	-8.167586e+14	0.000000e+00	0.000000e+00	0.000000e+00
 -6.2978	        19	1.543972e+10	    53166.59	    37506.27	  102.68	572.076871	  215.41	   2.755e+09	   1.081e+09	   2.067e+09	  0.769261	  0.679653	  0.068006	  0.685394	  0.724989	 -0.238705	  0.716744	 -0.655208	  0.968708	  0.128500	 -0.212350	3.581992e+14	-1.284951e+15	0.000000e+00	0.000000e+00	0.000000e+00
 -8.0560	        36	2.925420e+10	    48126.85	    43516.56	  124.97	566.683890	  215.22	    1.49e+09	  -8.124e+08	   9.948e+08	  0.813615	  0.672358	  0.070237	  0.748310	  0.659620	 -0.919835	  0.304439	 -0.247427	  0.385966	  0.589364	 -0.709705	6.774931e+14	-2.403118e+15	0.000000e+00	0.000000e+00	0.000000e+00
-10.3052	        63	5.119486e+10	    40236.97	    33019.40	  146.17	557.843011	  214.81	   2.331e+09	  -2.496e+08	  -4.306e+08	  0.930236	  0.811680	 -0.433095	  0.771543	  0.465994	  0.439330	 -0.270730	  0.856559	  0.787031	  0.575697	 -0.221711	1.181109e+15	-4.139660e+15	0.000000e+00	0.000000e+00	0.000000e+00
-13.1822	        99	8.044906e+10	    30207.84	    21033.31	  162.01	547.407288	  213.13	   7.995e+09	   1.549e+09	   3.641e+08	  0.884320	  0.748895	 -0.688582	  0.724809	 -0.022495	  0.379663	  0.386769	  0.840396	  0.617827	  0.570142	 -0.541505	1.827140e+15	-6.378224e+15	0.000000e+00	0.000000e+00	0.000000e+00
-16.8625	       153	1.243304e+11	    22303.64	    15072.97	  178.07	534.422829	  227.25	   1.395e+09	  -1.292e+10	   3.825e+09	  0.803268	  0.702824	  0.745980	 -0.665911	  0.008693	  0.494043	  0.562106	  0.663294	 -0.446581	 -0.490509	  0.748309	3.210444e+15	-9.590241e+15	0.000000e+00	0.000000e+00	0.000000e+00
-21.5703	       214	1.739000e+11	    14903.83	     8134.57	  186.20	518.855921	  232.07	   1.481e+10	  -2.243e+09	    1.72e+09	  0.762658	  0.680849	  0.693629	 -0.707342	 -0.136182	  0.387237	  0.206745	  0.898501	  0.607392	  0.675961	 -0.417314	4.682644e+15	-1.303441e+16	0.000000e+00	0.000000e+00	0.000000e+00
 27.5923	       327	2.657257e+11	    10880.07	     7199.18	  203.51	500.324240	  238.26	    7.82e+10	   3.389e+10	   2.037e+09	  0.754109	  0.634877	  0.656051	 -0.689078	 -0.307844	  0.546659	  0.152640	  0.823325	  0.520346	  0.708430	 -0.476830	7.542164e+15	-1.900214e+16	0.000000e+00	0.000000e+00	0.000000e+00
 35.2957	       432	3.510504e+11	     6867.01	     3195.90	  206.82	479.163794	  244.96	   1.158e+11	   4.179e+10	  -4.229e+10	  0.802402	  0.677253	 -0.637075	  0.733879	  0.235705	  0.569169	  0.241679	  0.785899	  0.519790	  0.634833	 -0.571670	1.053207e+16	-2.410758e+16	0.000000e+00	0.000000e+00	0.000000e+00
 45.1498	       578	4.696925e+11	     4389.46	     2123.03	  211.52	455.753147	  244.86	   1.658e+11	   8.699e+10	  -8.729e+10	  0.807135	  0.686257	  0.718082	 -0.638531	 -0.276834	  0.485291	  0.174283	  0.856807	  0.498850	  0.749602	 -0.435023	1.408058e+16	-3.061293e+16	0.000000e+00	0.000000e+00	0.000000e+00
 57.7549	       749	6.086500e+11	     2717.47	     1187.96	  212.89	430.520216	  245.73	   1.802e+11	    8.23e+10	  -6.684e+10	  0.777173	  0.707283	  0.736293	 -0.620407	 -0.270124	  0.465061	  0.173999	  0.868011	  0.491519	  0.764735	 -0.416641	1.837678e+16	-3.743549e+16	0.000000e+00	0.000000e+00	0.000000e+00
 73.8792	       933	7.581714e+11	     1617.20	      610.69	  210.08	404.324479	  246.21	   3.056e+11	    2.22e+11	   1.368e+11	  0.815337	  0.726573	  0.700534	 -0.653136	 -0.287516	  0.533571	  0.211853	  0.818792	  0.473871	  0.727002	 -0.496905	2.298012e+16	-4.392886e+16	0.000000e+00	0.000000e+00	0.000000e+00
 94.5052	      1209	9.824537e+11	     1001.17	      437.64	  211.44	376.233224	  243.93	   4.644e+11	   1.944e+11	   5.122e+11	  0.791212	  0.712854	  0.766094	 -0.558193	 -0.318622	  0.546750	  0.305373	  0.779623	  0.337881	  0.771471	 -0.539137	2.922889e+16	-5.247252e+16	0.000000e+00	0.000000e+00	0.000000e+00
120.8896	      1555	1.263619e+12	      615.20	      262.11	  212.02	345.879900	  242.11	   9.421e+11	  -3.587e+11	   1.501e+12	  0.750828	  0.687259	  0.730258	 -0.546934	 -0.409372	  0.550148	  0.115523	  0.827038	  0.405044	  0.829167	 -0.385256	3.703598e+16	-6.160317e+16	0.000000e+00	0.000000e+00	0.000000e+00
